138            5              
138            1              
138            6              
138            13             
138            7              
139            6              
139            2              
139            7              
139            14             
139            8              
140            7              
140            3              
140            8              
140            15             
140            9              
141            8              
141            4              
141            9              
141            16             
141            10             
142            11             
142            5              
142            12             
142            21             
142            13             
143            12             
143            6              
143            13             
143            22             
143            14             
144            13             
144            7              
144            14             
144            23             
144            15             
145            14             
145            8              
145            15             
145            24             
145            16             
146            15             
146            9              
146            16             
146            25             
146            17             
147            16             
147            10             
147            17             
147            26             
147            18             
148            19             
148            11             
148            20             
148            31             
148            21             
149            20             
149            12             
149            21             
149            32             
149            22             
150            21             
150            13             
150            22             
150            33             
150            23             
151            22             
151            14             
151            23             
151            34             
151            24             
152            23             
152            15             
152            24             
152            35             
152            25             
153            24             
153            16             
153            25             
153            36             
153            26             
154            25             
154            17             
154            26             
154            37             
154            27             
155            26             
155            18             
155            27             
155            38             
155            28             
156            29             
156            19             
156            30             
156            43             
156            31             
157            30             
157            20             
157            31             
157            44             
157            32             
158            31             
158            21             
158            32             
158            45             
158            33             
159            32             
159            22             
159            33             
159            46             
159            34             
160            33             
160            23             
160            34             
160            47             
160            35             
161            34             
161            24             
161            35             
161            48             
161            36             
162            35             
162            25             
162            36             
162            49             
162            37             
163            36             
163            26             
163            37             
163            50             
163            38             
164            37             
164            27             
164            38             
164            51             
164            39             
165            38             
165            28             
165            39             
165            52             
165            40             
166            41             
166            29             
166            42             
166            56             
166            43             
167            42             
167            30             
167            43             
167            57             
167            44             
168            43             
168            31             
168            44             
168            58             
168            45             
169            44             
169            32             
169            45             
169            59             
169            46             
170            45             
170            33             
170            46             
170            60             
170            47             
171            46             
171            34             
171            47             
171            61             
171            48             
172            47             
172            35             
172            48             
172            62             
172            49             
173            48             
173            36             
173            49             
173            63             
173            50             
174            49             
174            37             
174            50             
174            64             
174            51             
175            50             
175            38             
175            51             
175            65             
175            52             
176            51             
176            39             
176            52             
176            66             
176            53             
177            52             
177            40             
177            53             
177            67             
177            54             
178            55             
178            42             
178            56             
178            70             
178            57             
179            56             
179            43             
179            57             
179            71             
179            58             
180            57             
180            44             
180            58             
180            72             
180            59             
181            58             
181            45             
181            59             
181            73             
181            60             
182            59             
182            46             
182            60             
182            74             
182            61             
183            60             
183            47             
183            61             
183            75             
183            62             
184            61             
184            48             
184            62             
184            76             
184            63             
185            62             
185            49             
185            63             
185            77             
185            64             
186            63             
186            50             
186            64             
186            78             
186            65             
187            64             
187            51             
187            65             
187            79             
187            66             
188            65             
188            52             
188            66             
188            80             
188            67             
189            66             
189            53             
189            67             
189            81             
189            68             
190            69             
190            56             
190            70             
190            83             
190            71             
191            70             
191            57             
191            71             
191            84             
191            72             
192            71             
192            58             
192            72             
192            85             
192            73             
193            72             
193            59             
193            73             
193            86             
193            74             
194            73             
194            60             
194            74             
194            87             
194            75             
195            74             
195            61             
195            75             
195            88             
195            76             
196            75             
196            62             
196            76             
196            89             
196            77             
197            76             
197            63             
197            77             
197            90             
197            78             
198            77             
198            64             
198            78             
198            91             
198            79             
199            78             
199            65             
199            79             
199            92             
199            80             
200            79             
200            66             
200            80             
200            93             
200            81             
201            80             
201            67             
201            81             
201            94             
201            82             
202            83             
202            71             
202            84             
202            96             
202            85             
203            84             
203            72             
203            85             
203            97             
203            86             
204            85             
204            73             
204            86             
204            98             
204            87             
205            86             
205            74             
205            87             
205            99             
205            88             
206            87             
206            75             
206            88             
206            100            
206            89             
207            88             
207            76             
207            89             
207            101            
207            90             
208            89             
208            77             
208            90             
208            102            
208            91             
209            90             
209            78             
209            91             
209            103            
209            92             
210            91             
210            79             
210            92             
210            104            
210            93             
211            92             
211            80             
211            93             
211            105            
211            94             
212            93             
212            81             
212            94             
212            106            
212            95             
213            96             
213            85             
213            97             
213            108            
213            98             
214            97             
214            86             
214            98             
214            109            
214            99             
215            98             
215            87             
215            99             
215            110            
215            100            
216            99             
216            88             
216            100            
216            111            
216            101            
217            100            
217            89             
217            101            
217            112            
217            102            
218            101            
218            90             
218            102            
218            113            
218            103            
219            102            
219            91             
219            103            
219            114            
219            104            
220            103            
220            92             
220            104            
220            115            
220            105            
221            104            
221            93             
221            105            
221            116            
221            106            
222            105            
222            94             
222            106            
222            117            
222            107            
223            108            
223            98             
223            109            
223            118            
223            110            
224            109            
224            99             
224            110            
224            119            
224            111            
225            110            
225            100            
225            111            
225            120            
225            112            
226            111            
226            101            
226            112            
226            121            
226            113            
227            112            
227            102            
227            113            
227            122            
227            114            
228            113            
228            103            
228            114            
228            123            
228            115            
229            114            
229            104            
229            115            
229            124            
229            116            
230            115            
230            105            
230            116            
230            125            
230            117            
231            118            
231            110            
231            119            
231            127            
231            120            
232            119            
232            111            
232            120            
232            128            
232            121            
233            120            
233            112            
233            121            
233            129            
233            122            
234            121            
234            113            
234            122            
234            130            
234            123            
235            122            
235            114            
235            123            
235            131            
235            124            
236            123            
236            115            
236            124            
236            132            
236            125            
237            124            
237            116            
237            125            
237            133            
237            126            
238            127            
238            120            
238            128            
238            134            
238            129            
239            128            
239            121            
239            129            
239            135            
239            130            
240            129            
240            122            
240            130            
240            136            
240            131            
241            130            
241            123            
241            131            
241            137            
241            132            
242            142            
242            138            
242            143            
242            150            
242            144            
243            143            
243            139            
243            144            
243            151            
243            145            
244            144            
244            140            
244            145            
244            152            
244            146            
245            145            
245            141            
245            146            
245            153            
245            147            
246            148            
246            142            
246            149            
246            158            
246            150            
247            149            
247            143            
247            150            
247            159            
247            151            
248            150            
248            144            
248            151            
248            160            
248            152            
249            151            
249            145            
249            152            
249            161            
249            153            
250            152            
250            146            
250            153            
250            162            
250            154            
251            153            
251            147            
251            154            
251            163            
251            155            
252            156            
252            148            
252            157            
252            168            
252            158            
253            157            
253            149            
253            158            
253            169            
253            159            
254            158            
254            150            
254            159            
254            170            
254            160            
255            159            
255            151            
255            160            
255            171            
255            161            
256            160            
256            152            
256            161            
256            172            
256            162            
257            161            
257            153            
257            162            
257            173            
257            163            
258            162            
258            154            
258            163            
258            174            
258            164            
259            163            
259            155            
259            164            
259            175            
259            165            
260            166            
260            156            
260            167            
260            179            
260            168            
261            167            
261            157            
261            168            
261            180            
261            169            
262            168            
262            158            
262            169            
262            181            
262            170            
263            169            
263            159            
263            170            
263            182            
263            171            
264            170            
264            160            
264            171            
264            183            
264            172            
265            171            
265            161            
265            172            
265            184            
265            173            
266            172            
266            162            
266            173            
266            185            
266            174            
267            173            
267            163            
267            174            
267            186            
267            175            
268            174            
268            164            
268            175            
268            187            
268            176            
269            175            
269            165            
269            176            
269            188            
269            177            
270            178            
270            167            
270            179            
270            191            
270            180            
271            179            
271            168            
271            180            
271            192            
271            181            
272            180            
272            169            
272            181            
272            193            
272            182            
273            181            
273            170            
273            182            
273            194            
273            183            
274            182            
274            171            
274            183            
274            195            
274            184            
275            183            
275            172            
275            184            
275            196            
275            185            
276            184            
276            173            
276            185            
276            197            
276            186            
277            185            
277            174            
277            186            
277            198            
277            187            
278            186            
278            175            
278            187            
278            199            
278            188            
279            187            
279            176            
279            188            
279            200            
279            189            
280            190            
280            179            
280            191            
280            202            
280            192            
281            191            
281            180            
281            192            
281            203            
281            193            
282            192            
282            181            
282            193            
282            204            
282            194            
283            193            
283            182            
283            194            
283            205            
283            195            
284            194            
284            183            
284            195            
284            206            
284            196            
285            195            
285            184            
285            196            
285            207            
285            197            
286            196            
286            185            
286            197            
286            208            
286            198            
287            197            
287            186            
287            198            
287            209            
287            199            
288            198            
288            187            
288            199            
288            210            
288            200            
289            199            
289            188            
289            200            
289            211            
289            201            
290            202            
290            192            
290            203            
290            213            
290            204            
291            203            
291            193            
291            204            
291            214            
291            205            
292            204            
292            194            
292            205            
292            215            
292            206            
293            205            
293            195            
293            206            
293            216            
293            207            
294            206            
294            196            
294            207            
294            217            
294            208            
295            207            
295            197            
295            208            
295            218            
295            209            
296            208            
296            198            
296            209            
296            219            
296            210            
297            209            
297            199            
297            210            
297            220            
297            211            
298            210            
298            200            
298            211            
298            221            
298            212            
299            213            
299            204            
299            214            
299            223            
299            215            
300            214            
300            205            
300            215            
300            224            
300            216            
301            215            
301            206            
301            216            
301            225            
301            217            
302            216            
302            207            
302            217            
302            226            
302            218            
303            217            
303            208            
303            218            
303            227            
303            219            
304            218            
304            209            
304            219            
304            228            
304            220            
305            219            
305            210            
305            220            
305            229            
305            221            
306            220            
306            211            
306            221            
306            230            
306            222            
307            223            
307            215            
307            224            
307            231            
307            225            
308            224            
308            216            
308            225            
308            232            
308            226            
309            225            
309            217            
309            226            
309            233            
309            227            
310            226            
310            218            
310            227            
310            234            
310            228            
311            227            
311            219            
311            228            
311            235            
311            229            
312            228            
312            220            
312            229            
312            236            
312            230            
313            231            
313            225            
313            232            
313            238            
313            233            
314            232            
314            226            
314            233            
314            239            
314            234            
315            233            
315            227            
315            234            
315            240            
315            235            
316            234            
316            228            
316            235            
316            241            
316            236            
317            246            
317            242            
317            247            
317            254            
317            248            
318            247            
318            243            
318            248            
318            255            
318            249            
319            248            
319            244            
319            249            
319            256            
319            250            
320            249            
320            245            
320            250            
320            257            
320            251            
321            252            
321            246            
321            253            
321            262            
321            254            
322            253            
322            247            
322            254            
322            263            
322            255            
323            254            
323            248            
323            255            
323            264            
323            256            
324            255            
324            249            
324            256            
324            265            
324            257            
325            256            
325            250            
325            257            
325            266            
325            258            
326            257            
326            251            
326            258            
326            267            
326            259            
327            260            
327            252            
327            261            
327            271            
327            262            
328            261            
328            253            
328            262            
328            272            
328            263            
329            262            
329            254            
329            263            
329            273            
329            264            
330            263            
330            255            
330            264            
330            274            
330            265            
331            264            
331            256            
331            265            
331            275            
331            266            
332            265            
332            257            
332            266            
332            276            
332            267            
333            266            
333            258            
333            267            
333            277            
333            268            
334            267            
334            259            
334            268            
334            278            
334            269            
335            270            
335            261            
335            271            
335            281            
335            272            
336            271            
336            262            
336            272            
336            282            
336            273            
337            272            
337            263            
337            273            
337            283            
337            274            
338            273            
338            264            
338            274            
338            284            
338            275            
339            274            
339            265            
339            275            
339            285            
339            276            
340            275            
340            266            
340            276            
340            286            
340            277            
341            276            
341            267            
341            277            
341            287            
341            278            
342            277            
342            268            
342            278            
342            288            
342            279            
343            280            
343            271            
343            281            
343            290            
343            282            
344            281            
344            272            
344            282            
344            291            
344            283            
345            282            
345            273            
345            283            
345            292            
345            284            
346            283            
346            274            
346            284            
346            293            
346            285            
347            284            
347            275            
347            285            
347            294            
347            286            
348            285            
348            276            
348            286            
348            295            
348            287            
349            286            
349            277            
349            287            
349            296            
349            288            
350            287            
350            278            
350            288            
350            297            
350            289            
351            290            
351            282            
351            291            
351            299            
351            292            
352            291            
352            283            
352            292            
352            300            
352            293            
353            292            
353            284            
353            293            
353            301            
353            294            
354            293            
354            285            
354            294            
354            302            
354            295            
355            294            
355            286            
355            295            
355            303            
355            296            
356            295            
356            287            
356            296            
356            304            
356            297            
357            296            
357            288            
357            297            
357            305            
357            298            
358            299            
358            292            
358            300            
358            307            
358            301            
359            300            
359            293            
359            301            
359            308            
359            302            
360            301            
360            294            
360            302            
360            309            
360            303            
361            302            
361            295            
361            303            
361            310            
361            304            
362            303            
362            296            
362            304            
362            311            
362            305            
363            304            
363            297            
363            305            
363            312            
363            306            
364            307            
364            301            
364            308            
364            313            
364            309            
365            308            
365            302            
365            309            
365            314            
365            310            
366            309            
366            303            
366            310            
366            315            
366            311            
367            310            
367            304            
367            311            
367            316            
367            312            
368            321            
368            317            
368            322            
368            329            
368            323            
369            322            
369            318            
369            323            
369            330            
369            324            
370            323            
370            319            
370            324            
370            331            
370            325            
371            324            
371            320            
371            325            
371            332            
371            326            
372            327            
372            321            
372            328            
372            336            
372            329            
373            328            
373            322            
373            329            
373            337            
373            330            
374            329            
374            323            
374            330            
374            338            
374            331            
375            330            
375            324            
375            331            
375            339            
375            332            
376            331            
376            325            
376            332            
376            340            
376            333            
377            332            
377            326            
377            333            
377            341            
377            334            
378            335            
378            328            
378            336            
378            344            
378            337            
379            336            
379            329            
379            337            
379            345            
379            338            
380            337            
380            330            
380            338            
380            346            
380            339            
381            338            
381            331            
381            339            
381            347            
381            340            
382            339            
382            332            
382            340            
382            348            
382            341            
383            340            
383            333            
383            341            
383            349            
383            342            
384            343            
384            336            
384            344            
384            351            
384            345            
385            344            
385            337            
385            345            
385            352            
385            346            
386            345            
386            338            
386            346            
386            353            
386            347            
387            346            
387            339            
387            347            
387            354            
387            348            
388            347            
388            340            
388            348            
388            355            
388            349            
389            348            
389            341            
389            349            
389            356            
389            350            
390            351            
390            345            
390            352            
390            358            
390            353            
391            352            
391            346            
391            353            
391            359            
391            354            
392            353            
392            347            
392            354            
392            360            
392            355            
393            354            
393            348            
393            355            
393            361            
393            356            
394            355            
394            349            
394            356            
394            362            
394            357            
395            358            
395            353            
395            359            
395            364            
395            360            
396            359            
396            354            
396            360            
396            365            
396            361            
397            360            
397            355            
397            361            
397            366            
397            362            
398            361            
398            356            
398            362            
398            367            
398            363            
399            372            
399            368            
399            373            
399            379            
399            374            
400            373            
400            369            
400            374            
400            380            
400            375            
401            374            
401            370            
401            375            
401            381            
401            376            
402            375            
402            371            
402            376            
402            382            
402            377            
403            378            
403            373            
403            379            
403            385            
403            380            
404            379            
404            374            
404            380            
404            386            
404            381            
405            380            
405            375            
405            381            
405            387            
405            382            
406            381            
406            376            
406            382            
406            388            
406            383            
407            384            
407            379            
407            385            
407            390            
407            386            
408            385            
408            380            
408            386            
408            391            
408            387            
409            386            
409            381            
409            387            
409            392            
409            388            
410            387            
410            382            
410            388            
410            393            
410            389            
411            390            
411            386            
411            391            
411            395            
411            392            
412            391            
412            387            
412            392            
412            396            
412            393            
413            392            
413            388            
413            393            
413            397            
413            394         
